{
  "camera_angle_x": 0.691450164786284,
  "camera_angle_y": 0.691450164786284,
  "fl_x": 1111.908585298435,
  "fl_y": 1111.908585298435,
  "sk_x": 0.0,
  "sk_y": 0.0,
  "k1": 0.0,
  "k2": 0.0,
  "k3": 0.0,
  "k4": 0.0,
  "p1": 0.0,
  "p2": 0.0,
  "is_fisheye": false,
  "cx": 400.5,
  "cy": 400.5,
  "w": 801,
  "h": 801,
  "aabb_scale": 4.0,
  "aabb_range": [
    [
      -3.433947926030518,
      3.808024351305848
    ],
    [
      -2.2134261417889833,
      5.028546135547383
    ],
    [
      -2.3032210069156394,
      4.938751270420727
    ]
  ],
  "sphere_center": [
    0.18703821263766499,
    1.4075599968791994,
    1.3177651317525438
  ],
  "sphere_radius": 3.620986138668183,
  "frames": [
    {
      "file_path": "images/000001.jpg",
      "transform_matrix": [
        [
          0.21192426696482594,
          -0.7331822972273055,
          0.6461670249276977,
          2.8220344506655515
        ],
        [
          -0.6772189129637396,
          -0.5868732370246698,
          -0.4437953893275552,
          -0.39273157735765113
        ],
        [
          0.7046010566239818,
          -0.3435455176489376,
          -0.6208975988902614,
          -1.2046405595676568
        ],
        [
          0.0,
          -0.0,
          -0.0,
          1.0
        ]
      ]
    },
    {
      "file_path": "images/000002.jpg",
      "transform_matrix": [
        [
          0.08785832529968786,
          -0.7467327247552933,
          0.6592959520997147,
          2.8758036312689375
        ],
        [
          -0.6880960669802867,
          -0.5240673707030269,
          -0.5018736828831304,
          -0.6300112107817629
        ],
        [
          0.72028099883434,
          -0.40956517032573875,
          -0.5598675325237692,
          -0.9559383984258862
        ],
        [
          0.0,
          -0.0,
          -0.0,
          1.0
        ]
      ]
    },
    {
      "file_path": "images/000003.jpg",
      "transform_matrix": [
        [
          -0.038036919636340684,
          -0.7478316577902168,
          0.6627978608530016,
          2.890303737702732
        ],
        [
          -0.6878366077307054,
          -0.46154323739513364,
          -0.5602308819409503,
          -0.868190926403431
        ],
        [
          0.7248682596238397,
          -0.4772060892544809,
          -0.496830307618557,
          -0.6986970104445799
        ],
        [
          0.0,
          -0.0,
          -0.0,
          1.0
        ]
      ]
    },
    {
      "file_path": "images/000004.jpg",
      "transform_matrix": [
        [
          -0.16267162815668693,
          -0.7369098853578007,
          0.6561263310177433,
          2.8636151875179907
        ],
        [
          -0.6772835136008403,
          -0.400179883545901,
          -0.6173678830403224,
          -1.101709306089776
        ],
        [
          0.7175130546529119,
          -0.5448117855435418,
          -0.4339990031503587,
          -0.44233337619511115
        ],
        [
          0.0,
          -0.0,
          -0.0,
          1.0
        ]
      ]
    },
    {
      "file_path": "images/000005.jpg",
      "transform_matrix": [
        [
          -0.2851915284619313,
          -0.714091944976912,
          0.6393265880695388,
          2.7952872179135975
        ],
        [
          -0.6556616811148751,
          -0.34119125871135775,
          -0.67356980699596,
          -1.3309563225906365
        ],
        [
          0.6991234168665519,
          -0.6112783482980971,
          -0.3708978685444109,
          -0.18485281681367288
        ],
        [
          0.0,
          -0.0,
          -0.0,
          1.0
        ]
      ]
    },
    {
      "file_path": "images/000006.jpg",
      "transform_matrix": [
        [
          -0.40413571955879724,
          -0.6792702252429257,
          0.6125898148640068,
          2.6865370717622366
        ],
        [
          -0.6226121258658188,
          -0.2863432698359643,
          -0.7282593442891713,
          -1.5535145494534426
        ],
        [
          0.6700958594869385,
          -0.6757214610459498,
          -0.30720033557987536,
          0.07498222731395868
        ],
        [
          0.0,
          -0.0,
          -0.0,
          1.0
        ]
      ]
    },
    {
      "file_path": "images/000007.jpg",
      "transform_matrix": [
        [
          -0.5162473143890853,
          -0.6333536248530894,
          0.5764996932102471,
          2.5394424222452914
        ],
        [
          -0.5800671504813049,
          -0.23665343815181333,
          -0.7794339299410984,
          -1.7623606244905754
        ],
        [
          0.6300879393533544,
          -0.736789207369637,
          -0.2452159305287197,
          0.3275825666110022
        ],
        [
          0.0,
          -0.0,
          -0.0,
          1.0
        ]
      ]
    },
    {
      "file_path": "images/000008.jpg",
      "transform_matrix": [
        [
          -0.620210599870528,
          -0.5775016393679389,
          0.5308772629672353,
          2.3535972400527374
        ],
        [
          -0.5281142370804193,
          -0.19301298036859316,
          -0.8269470007214489,
          -1.95644911184687
        ],
        [
          0.5800294513222641,
          -0.7932451360938664,
          -0.1852781413502868,
          0.5718020153742928
        ],
        [
          0.0,
          -0.0,
          -0.0,
          1.0
        ]
      ]
    },
    {
      "file_path": "images/000009.jpg",
      "transform_matrix": [
        [
          -0.7141679072047604,
          -0.5129602808890673,
          0.4762729790246155,
          2.1311333085631743
        ],
        [
          -0.467948912594559,
          -0.15613955097893797,
          -0.8698530081695788,
          -2.1318988722099914
        ],
        [
          0.5205650924911719,
          -0.8440925250529734,
          -0.12852934929171939,
          0.8033917612504355
        ],
        [
          0.0,
          -0.0,
          -0.0,
          1.0
        ]
      ]
    },
    {
      "file_path": "images/000010.jpg",
      "transform_matrix": [
        [
          -0.7966276724873526,
          -0.44142327646068996,
          0.4129525910151098,
          1.8728456824295818
        ],
        [
          -0.4004956154560552,
          -0.1262569312623346,
          -0.9075585101296189,
          -2.285517786204281
        ],
        [
          0.45275557801959637,
          -0.8883719256634167,
          -0.07620832149584342,
          1.0171521259709002
        ],
        [
          0.0,
          -0.0,
          -0.0,
          1.0
        ]
      ]
    },
    {
      "file_path": "images/000011.jpg",
      "transform_matrix": [
        [
          -0.8661959716425695,
          -0.3643092443756443,
          0.3420282344670279,
          1.5829883430078968
        ],
        [
          -0.32687829601700313,
          -0.10461501590074637,
          -0.9392583659681222,
          -2.4132990923771005
        ],
        [
          0.37796179476662145,
          -0.9253834194054558,
          -0.02846767967820262,
          1.2123004438600489
        ],
        [
          0.0,
          -0.0,
          -0.0,
          1.0
        ]
      ]
    },
    {
      "file_path": "images/000012.jpg",
      "transform_matrix": [
        [
          -0.9219537330367014,
          -0.28326011346180163,
          0.26413069163067354,
          1.2646846504428713
        ],
        [
          -0.24849374258069237,
          -0.09047383729947746,
          -0.9643989551334802,
          -2.5142027769288418
        ],
        [
          0.2970726746739445,
          -0.9547660409157391,
          0.013024326322453627,
          1.3818144606550464
        ],
        [
          0.0,
          -0.0,
          -0.0,
          1.0
        ]
      ]
    },
    {
      "file_path": "images/000013.jpg",
      "transform_matrix": [
        [
          -0.9632307598696149,
          -0.1993992085923051,
          0.18007348181719054,
          0.9219846211935785
        ],
        [
          -0.16573782214469884,
          -0.0865315650683445,
          -0.9823661550346464,
          -2.587871113847461
        ],
        [
          0.21146507407072176,
          -0.9760902846866089,
          0.05030187460402297,
          1.5338056289661397
        ],
        [
          0.0,
          -0.0,
          -0.0,
          1.0
        ]
      ]
    },
    {
      "file_path": "images/000014.jpg",
      "transform_matrix": [
        [
          -0.9891893702346025,
          -0.11514851883430344,
          0.09080313004041254,
          0.5578027849571113
        ],
        [
          -0.08057445182552697,
          -0.09057878665415439,
          -0.9926244209776811,
          -2.6299405918672867
        ],
        [
          0.12252406917779803,
          -0.9892099382934479,
          0.08032154414344173,
          1.6562695746999805
        ],
        [
          0.0,
          -0.0,
          -0.0,
          1.0
        ]
      ]
    },
    {
      "file_path": "images/000015.jpg",
      "transform_matrix": [
        [
          -0.9994794729861465,
          -0.032120725950283695,
          -0.003006999128886599,
          0.17516431684793335
        ],
        [
          0.0062416050387460046,
          -0.10108169184537712,
          -0.9948585497145895,
          -2.6383731389416334
        ],
        [
          0.031651626275353575,
          -0.9943594674654147,
          0.10122956097910471,
          1.7417995652662055
        ],
        [
          0.0,
          -0.0,
          -0.0,
          1.0
        ]
      ]
    },
    {
      "file_path": "images/000016.jpg",
      "transform_matrix": [
        [
          -0.9938224223040669,
          0.047577427373867325,
          -0.10026655140255056,
          -0.22138119480276358
        ],
        [
          0.09381309589867087,
          -0.12256729609324678,
          -0.9880163768715055,
          -2.6107967090028863
        ],
        [
          -0.05929667750880074,
          -0.9913191445406843,
          0.11734674134181318,
          1.8073123454954112
        ],
        [
          0.0,
          -0.0,
          -0.0,
          1.0
        ]
      ]
    },
    {
      "file_path": "images/000017.jpg",
      "transform_matrix": [
        [
          -0.9725014821747389,
          0.12275164962220154,
          -0.19792144826411454,
          -0.6194956538518223
        ],
        [
          0.17862372573412888,
          -0.15219832619948992,
          -0.9720747060318627,
          -2.545027081302594
        ],
        [
          -0.14944708686620498,
          -0.9806975588921907,
          0.12608674081799043,
          1.8424066142312996
        ],
        [
          0.0,
          -0.0,
          -0.0,
          1.0
        ]
      ]
    },
    {
      "file_path": "images/000018.jpg",
      "transform_matrix": [
        [
          -0.9356648667902956,
          0.1918224566028002,
          -0.2962016242311396,
          -1.0198568813434272
        ],
        [
          0.26141762354185705,
          -0.18705803444575342,
          -0.9469266697326774,
          -2.442026522945411
        ],
        [
          -0.23704869363914724,
          -0.9634383409913465,
          0.12487786013467544,
          1.8375266800354282
        ],
        [
          0.0,
          -0.0,
          -0.0,
          1.0
        ]
      ]
    },
    {
      "file_path": "images/000019.jpg",
      "transform_matrix": [
        [
          -0.8842276432793031,
          0.25386714899844476,
          -0.3920369185677932,
          -1.4102921518336158
        ],
        [
          0.3393263853980664,
          -0.22759312747877225,
          -0.9127206431855885,
          -2.3018965349885327
        ],
        [
          -0.3209346959015369,
          -0.9400812938165681,
          0.11510031269616598,
          1.7976269788261057
        ],
        [
          0.0,
          -0.0,
          -0.0,
          1.0
        ]
      ]
    },
    {
      "file_path": "images/000020.jpg",
      "transform_matrix": [
        [
          -0.8187567521376478,
          0.30768810607945496,
          -0.4847323077805398,
          -1.7883313905464575
        ],
        [
          0.41212173877181957,
          -0.2728606662434186,
          -0.8693116410407085,
          -2.1250696104801428
        ],
        [
          -0.3997412328753464,
          -0.9115234973353323,
          0.09660155560270275,
          1.7222356847588616
        ],
        [
          0.0,
          -0.0,
          -0.0,
          1.0
        ]
      ]
    },
    {
      "file_path": "images/000021.jpg",
      "transform_matrix": [
        [
          -0.7406501196794555,
          0.35266723527140564,
          -0.5718944145424321,
          -2.143025695035301
        ],
        [
          0.4778819799790722,
          -0.32181839379149757,
          -0.8173504356325639,
          -1.912367314244899
        ],
        [
          -0.4722988602887897,
          -0.8786687331318235,
          0.06982151521147817,
          1.6129887253972472
        ],
        [
          0.0,
          -0.0,
          -0.0,
          1.0
        ]
      ]
    },
    {
      "file_path": "images/000022.jpg",
      "transform_matrix": [
        [
          -0.6510044346701006,
          0.38808034413678205,
          -0.6523701959275419,
          -2.4700643638619035
        ],
        [
          0.5360312078305743,
          -0.37348441586656944,
          -0.7570864781096693,
          -1.6656028427834546
        ],
        [
          -0.5374604825208621,
          -0.8425574387538717,
          0.035116835406364344,
          1.4714814951116135
        ],
        [
          0.0,
          -0.0,
          -0.0,
          1.0
        ]
      ]
    },
    {
      "file_path": "images/000023.jpg",
      "transform_matrix": [
        [
          -0.5512466735792135,
          0.41357304714295445,
          -0.7246271037883848,
          -2.763754673991201
        ],
        [
          0.5857716795611895,
          -0.42662182726128806,
          -0.6891047496050962,
          -1.387906135427295
        ],
        [
          -0.594136890196118,
          -0.8043327366091294,
          -0.007085515292096717,
          1.2995692081223382
        ],
        [
          0.0,
          -0.0,
          -0.0,
          1.0
        ]
      ]
    },
    {
      "file_path": "images/000024.jpg",
      "transform_matrix": [
        [
          -0.4425931775662432,
          0.4298582535030982,
          -0.7869772303358478,
          -3.017535499594858
        ],
        [
          0.6265810226837266,
          -0.4795708712414441,
          -0.6143354144678114,
          -1.0838877073191628
        ],
        [
          -0.6414885043275763,
          -0.7650056609934258,
          -0.05708622831804952,
          1.0959464630185745
        ],
        [
          0.0,
          -0.0,
          -0.0,
          1.0
        ]
      ]
    },
    {
      "file_path": "images/000025.jpg",
      "transform_matrix": [
        [
          -0.32738069205094633,
          0.43754640320006394,
          -0.8374813595053503,
          -3.2223373238555664
        ],
        [
          0.6576478676230584,
          -0.5309026170745001,
          -0.5344545756135783,
          -0.7571012622493478
        ],
        [
          -0.6784697227460385,
          -0.7257379390869223,
          -0.11394419286115297,
          0.8650953451978884
        ],
        [
          0.0,
          -0.0,
          -0.0,
          1.0
        ]
      ]
    },
    {
      "file_path": "images/000026.jpg",
      "transform_matrix": [
        [
          -0.2082758940984487,
          0.4350695612163724,
          -0.8759769567976572,
          -3.3768459748768374
        ],
        [
          0.6784619446960413,
          -0.5808372917515408,
          -0.44979709882345975,
          -0.40991582398657855
        ],
        [
          -0.7044931096446274,
          -0.6879989225382032,
          -0.17420373431564007,
          0.6199129035973198
        ],
        [
          0.0,
          -0.0,
          -0.0,
          1.0
        ]
      ]
    },
    {
      "file_path": "images/000027.jpg",
      "transform_matrix": [
        [
          -0.08375367352709684,
          0.4246609391566106,
          -0.9014701375671528,
          -3.4794476007146566
        ],
        [
          0.6894524297684377,
          -0.6284697859460993,
          -0.36011258689368525,
          -0.04395852916099442
        ],
        [
          -0.7194724937460182,
          -0.6516815287450535,
          -0.24014686305549782,
          0.35302019361104003
        ],
        [
          0.0,
          -0.0,
          -0.0,
          1.0
        ]
      ]
    },
    {
      "file_path": "images/000028.jpg",
      "transform_matrix": [
        [
          0.040254360405657545,
          0.40556997571512127,
          -0.9131771905094689,
          -3.526081202577257
        ],
        [
          0.6900132712501199,
          -0.6722861739224458,
          -0.2681659669895247,
          0.3301736149049431
        ],
        [
          -0.7226764642404229,
          -0.619309530970705,
          -0.3069111156048373,
          0.08183463098086659
        ],
        [
          0.0,
          -0.0,
          -0.0,
          1.0
        ]
      ]
    },
    {
      "file_path": "images/000029.jpg",
      "transform_matrix": [
        [
          0.16412239006473722,
          0.38022816098763634,
          -0.9102144728971286,
          -3.5098599259307695
        ],
        [
          0.6791895761958788,
          -0.7127295151362563,
          -0.17526596315457046,
          0.7084745084121296
        ],
        [
          -0.7153777747919627,
          -0.58944311332443,
          -0.37522187501277504,
          -0.19422806233474674
        ],
        [
          0.0,
          -0.0,
          -0.0,
          1.0
        ]
      ]
    },
    {
      "file_path": "images/000030.jpg",
      "transform_matrix": [
        [
          0.28484569676477484,
          0.348449843550827,
          -0.8929981162152548,
          -3.4371568224897326
        ],
        [
          0.6578600276738659,
          -0.748632647247497,
          -0.08227601998240398,
          1.08629008668478
        ],
        [
          -0.6971966100201077,
          -0.5640317952071575,
          -0.4424760117473725,
          -0.4668790317120793
        ],
        [
          0.0,
          -0.0,
          -0.0,
          1.0
        ]
      ]
    },
    {
      "file_path": "images/000031.jpg",
      "transform_matrix": [
        [
          0.4016299474374285,
          0.3145647208171748,
          -0.8600827993505168,
          -3.3021805199849927
        ],
        [
          0.6260602289444954,
          -0.7797417559144785,
          0.007168250649316904,
          1.4492753298374013
        ],
        [
          -0.668387593433162,
          -0.5413426184041107,
          -0.5101041015753621,
          -0.7406882469183126
        ],
        [
          0.0,
          -0.0,
          -0.0,
          1.0
        ]
      ]
    },
    {
      "file_path": "images/000032.jpg",
      "transform_matrix": [
        [
          0.5131939271660712,
          0.27690161487200626,
          -0.8123776762080189,
          -3.108466113177811
        ],
        [
          0.5844269565976077,
          -0.805925947110306,
          0.09449074122057799,
          1.8036945298356668
        ],
        [
          -0.6285516092747864,
          -0.5232674874819105,
          -0.5754250698591826,
          -1.005889543817013
        ],
        [
          0.0,
          -0.0,
          -0.0,
          1.0
        ]
      ]
    },
    {
      "file_path": "images/000033.jpg",
      "transform_matrix": [
        [
          0.6162931174242929,
          0.2368504276741371,
          -0.7510557025454402,
          -2.858912488496036
        ],
        [
          0.5337342626863683,
          -0.8268774325106077,
          0.1772045384275025,
          2.139384936691274
        ],
        [
          -0.5790600402808722,
          -0.5100740990437014,
          -0.6360140589913644,
          -1.2515750578518618
        ],
        [
          0.0,
          -0.0,
          -0.0,
          1.0
        ]
      ]
    },
    {
      "file_path": "images/000034.jpg",
      "transform_matrix": [
        [
          0.7097154772989119,
          0.19503372910144945,
          -0.6769533113850318,
          -2.557492352498111
        ],
        [
          0.47476846863499333,
          -0.8423406724155168,
          0.2550629192661261,
          2.455360543544899
        ],
        [
          -0.5204794352060038,
          -0.5024181884718719,
          -0.6904180772693322,
          -1.4720671193391626
        ],
        [
          0.0,
          -0.0,
          -0.0,
          1.0
        ]
      ]
    },
    {
      "file_path": "images/000035.jpg",
      "transform_matrix": [
        [
          0.79186206970987,
          0.15514217995128446,
          -0.590665189895904,
          -2.2066775072986604
        ],
        [
          0.40811549190221696,
          -0.8539425747400126,
          0.32283714828967486,
          2.730309455481956
        ],
        [
          -0.4543084941140904,
          -0.49670210694777733,
          -0.7395206617326022,
          -1.670716240277813
        ],
        [
          0.0,
          -0.0,
          -0.0,
          1.0
        ]
      ]
    },
    {
      "file_path": "images/000036.jpg",
      "transform_matrix": [
        [
          0.8621058389976325,
          0.1161175449167888,
          -0.49324460273649795,
          -1.8112750638808202
        ],
        [
          0.3352111669191029,
          -0.8606573094681338,
          0.38327857914551705,
          2.975536552514163
        ],
        [
          -0.3800092050713003,
          -0.4957677999039173,
          -0.7809015895998085,
          -1.8383426180444629
        ],
        [
          0.0,
          -0.0,
          -0.0,
          1.0
        ]
      ]
    },
    {
      "file_path": "images/000037.jpg",
      "transform_matrix": [
        [
          0.9189758175214064,
          0.07818020676691133,
          -0.38648583684366217,
          -1.3783930652842156
        ],
        [
          0.2562132667820547,
          -0.8634315529147165,
          0.434558069026625,
          3.183301853252309
        ],
        [
          -0.2997302265967357,
          -0.4983711555669773,
          -0.8135035233870257,
          -1.9698702919394226
        ],
        [
          0.0,
          -0.0,
          -0.0,
          1.0
        ]
      ]
    },
    {
      "file_path": "images/000038.jpg",
      "transform_matrix": [
        [
          0.9611088634848762,
          0.04409730660153394,
          -0.2726264478756595,
          -0.9170735375077465
        ],
        [
          0.17430390627622896,
          -0.8625696249596162,
          0.47496504119132227,
          3.347303851860153
        ],
        [
          -0.21421461385175602,
          -0.5040129657533794,
          -0.8367096447184207,
          -2.0643009013535445
        ],
        [
          0.0,
          -0.0,
          -0.0,
          1.0
        ]
      ]
    },
    {
      "file_path": "images/000039.jpg",
      "transform_matrix": [
        [
          0.9878297460300904,
          0.011714503408495011,
          -0.1550972703435464,
          -0.4396167213990674
        ],
        [
          0.08964630512507513,
          -0.857756134781002,
          0.5061797637430577,
          3.4725449328379017
        ],
        [
          -0.12710599055728522,
          -0.5139233246851596,
          -0.848367186723416,
          -2.109819912298941
        ],
        [
          0.0,
          -0.0,
          -0.0,
          1.0
        ]
      ]
    },
    {
      "file_path": "images/000040.jpg",
      "transform_matrix": [
        [
          0.9992763784039579,
          -0.015287510322174954,
          -0.03482831595153023,
          0.048080966078376544
        ],
        [
          0.004901223242776445,
          -0.8562849899000124,
          0.5164803908016842,
          3.5179417607132004
        ],
        [
          -0.037718663478372196,
          -0.5162773557886161,
          -0.8555904360880386,
          -2.139690250362897
        ],
        [
          0.0,
          -0.0,
          -0.0,
          1.0
        ]
      ]
    },
    {
      "file_path": "images/000041.jpg",
      "transform_matrix": [
        [
          0.995240644407954,
          -0.04012817784019552,
          0.0888019654155595,
          0.5496974629957274
        ],
        [
          -0.08077066194177598,
          -0.849511970762398,
          0.5213497019284404,
          3.540538406710352
        ],
        [
          0.05451751909182888,
          -0.5260410068375013,
          -0.84871002070051,
          -2.114716221661335
        ],
        [
          0.0,
          -0.0,
          -0.0,
          1.0
        ]
      ]
    },
    {
      "file_path": "images/000042.jpg",
      "transform_matrix": [
        [
          0.9752146956713008,
          -0.061510665242550715,
          0.21253878565605533,
          1.0519445369859233
        ],
        [
          -0.1657621546156909,
          -0.83937424067027,
          0.5176618512082684,
          3.525663657337008
        ],
        [
          0.14655785698452184,
          -0.5400623317364638,
          -0.8287662350720365,
          -2.034394359354123
        ],
        [
          0.0,
          -0.0,
          -0.0,
          1.0
        ]
      ]
    },
    {
      "file_path": "images/000043.jpg",
      "transform_matrix": [
        [
          0.9394917733573368,
          -0.07960857891361833,
          0.3331931601297373,
          1.5412662921325442
        ],
        [
          -0.24839019568199713,
          -0.8281176398995896,
          0.502517149136418,
          3.4632422871952726
        ],
        [
          0.2359184572748511,
          -0.5548726418291748,
          -0.7977837005520773,
          -1.9079825615868409
        ],
        [
          0.0,
          -0.0,
          -0.0,
          1.0
        ]
      ]
    },
    {
      "file_path": "images/000044.jpg",
      "transform_matrix": [
        [
          0.8888580278477034,
          -0.09463433959769559,
          0.448303187697343,
          2.0088137662356105
        ],
        [
          -0.3270633467942394,
          -0.8162706815359381,
          0.4761635660659122,
          3.356259115353853
        ],
        [
          0.3208753239413124,
          -0.5698653492130955,
          -0.7565001720104197,
          -1.7408932334438645
        ],
        [
          0.0,
          -0.0,
          -0.0,
          1.0
        ]
      ]
    },
    {
      "file_path": "images/000045.jpg",
      "transform_matrix": [
        [
          0.8232316968264324,
          -0.10619102084720528,
          0.5576854314321842,
          2.4508822456273696
        ],
        [
          -0.4004677139360856,
          -0.8049100036227085,
          0.4378875382594222,
          3.1997857084618166
        ],
        [
          0.4023868579303733,
          -0.5838179109615599,
          -0.7051535034341115,
          -1.5302366887007297
        ],
        [
          0.0,
          -0.0,
          -0.0,
          1.0
        ]
      ]
    },
    {
      "file_path": "images/000046.jpg",
      "transform_matrix": [
        [
          0.7459311685236241,
          -0.11535329782945042,
          0.65595755084064,
          2.8488403370089572
        ],
        [
          -0.46700462240417867,
          -0.7927934883017232,
          0.39164418489174085,
          3.0108309171066887
        ],
        [
          0.4748614266058167,
          -0.5984748128252814,
          -0.6452398964227437,
          -1.2859290283286142
        ],
        [
          0.0,
          -0.0,
          -0.0,
          1.0
        ]
      ]
    },
    {
      "file_path": "images/000047.jpg",
      "transform_matrix": [
        [
          0.655996706903987,
          -0.12234225802951945,
          0.7447823121096278,
          3.2051416117121354
        ],
        [
          -0.5266542197805322,
          -0.7810415502901848,
          0.33557328485393983,
          2.781019358764125
        ],
        [
          0.5406511382753978,
          -0.6123777172795751,
          -0.5767927513942711,
          -1.0051546649251584
        ],
        [
          0.0,
          -0.0,
          -0.0,
          1.0
        ]
      ]
    },
    {
      "file_path": "images/000048.jpg",
      "transform_matrix": [
        [
          0.5563860964857071,
          -0.12867049468769975,
          0.8209009778494724,
          3.5140164785902805
        ],
        [
          -0.577564250795455,
          -0.7701409157049817,
          0.270744355730968,
          2.519043701995464
        ],
        [
          0.5973726205983013,
          -0.6247614534795779,
          -0.5028111756968047,
          -0.7060533654791573
        ],
        [
          0.0,
          -0.0,
          -0.0,
          1.0
        ]
      ]
    },
    {
      "file_path": "images/000049.jpg",
      "transform_matrix": [
        [
          0.45004341355689315,
          -0.13369675354938607,
          0.8829417330743937,
          3.7679547916265297
        ],
        [
          -0.6198251995912638,
          -0.7585429340040418,
          0.2010704832246389,
          2.2367226247924057
        ],
        [
          0.6428667419191237,
          -0.6377599825662429,
          -0.4242458683020924,
          -0.38810372603208776
        ],
        [
          0.0,
          -0.0,
          -0.0,
          1.0
        ]
      ]
    },
    {
      "file_path": "images/000050.jpg",
      "transform_matrix": [
        [
          0.33534546483306665,
          -0.1383374299222482,
          0.9318831336054975,
          3.966112364873992
        ],
        [
          -0.6527845001746452,
          -0.7473313424816743,
          0.12396878992826056,
          1.9244198396251981
        ],
        [
          0.6792759494841789,
          -0.6498912370751321,
          -0.3409187064760766,
          -0.04939098358951145
        ],
        [
          0.0,
          -0.0,
          -0.0,
          1.0
        ]
      ]
    },
    {
      "file_path": "images/000051.jpg",
      "transform_matrix": [
        [
          0.21355766328096226,
          -0.14058689715410336,
          0.9667618366498323,
          4.102898781102835
        ],
        [
          -0.6738265940357648,
          -0.7377192913492902,
          0.041568838584474445,
          1.5914003860932302
        ],
        [
          0.7073548230019611,
          -0.6603071796669208,
          -0.2522767980932476,
          0.3097127448831895
        ],
        [
          0.0,
          -0.0,
          -0.0,
          1.0
        ]
      ]
    },
    {
      "file_path": "images/000052.jpg",
      "transform_matrix": [
        [
          0.08998265536151188,
          -0.14350503372505996,
          0.9855503168431637,
          4.1820597789547564
        ],
        [
          -0.6853460189537036,
          -0.7269306523898079,
          -0.043274252396055965,
          1.2478560438103157
        ],
        [
          0.722636807835306,
          -0.6715490539876423,
          -0.16376175392899792,
          0.6679405063039441
        ],
        [
          0.0,
          -0.0,
          -0.0,
          1.0
        ]
      ]
    },
    {
      "file_path": "images/000053.jpg",
      "transform_matrix": [
        [
          -0.0358444954752252,
          -0.14433723086496228,
          0.9888791311026646,
          4.195742668588743
        ],
        [
          -0.6848982328276213,
          -0.7170410754484571,
          -0.12948554664255593,
          0.8991144756125329
        ],
        [
          0.7277565408938125,
          -0.6819229134630649,
          -0.07315433876618224,
          1.0341992292468616
        ],
        [
          0.0,
          -0.0,
          -0.0,
          1.0
        ]
      ]
    },
    {
      "file_path": "images/000054.jpg",
      "transform_matrix": [
        [
          -0.16010240743945006,
          -0.1457129392338799,
          0.9762863096817017,
          4.143837441073602
        ],
        [
          -0.6749582922629185,
          -0.7055350076205897,
          -0.21598994589410597,
          0.548767003952828
        ],
        [
          0.7202766988023541,
          -0.6935330506627913,
          0.014607696626957094,
          1.3898707479220869
        ],
        [
          0.0,
          -0.0,
          -0.0,
          1.0
        ]
      ]
    },
    {
      "file_path": "images/000055.jpg",
      "transform_matrix": [
        [
          -0.282075569053477,
          -0.14642910300814407,
          0.9481518291578557,
          4.031915326087035
        ],
        [
          -0.6542578120643764,
          -0.6934697852902945,
          -0.30173891403358644,
          0.2008844718847637
        ],
        [
          0.7016980039132877,
          -0.7054489171312571,
          0.09980849975049474,
          1.736305758281959
        ],
        [
          0.0,
          -0.0,
          -0.0,
          1.0
        ]
      ]
    },
    {
      "file_path": "images/000056.jpg",
      "transform_matrix": [
        [
          -0.4001664884432012,
          -0.1452451759269675,
          0.9048594478685525,
          3.856999370592325
        ],
        [
          -0.6225641862511712,
          -0.6814765753711226,
          -0.3847122446944775,
          -0.13581571040310644
        ],
        [
          0.672518115387574,
          -0.7172820338544601,
          0.18227964336467994,
          2.07040489773051
        ],
        [
          0.0,
          -0.0,
          -0.0,
          1.0
        ]
      ]
    },
    {
      "file_path": "images/000057.jpg",
      "transform_matrix": [
        [
          -0.51163170840128,
          -0.14323088668524825,
          0.8471823345996685,
          3.6244495707683893
        ],
        [
          -0.5820228113069507,
          -0.667549302607872,
          -0.4643569485924567,
          -0.4598780783729862
        ],
        [
          0.6320462341290713,
          -0.730659182989649,
          0.25817574680081307,
          2.3790640782795967
        ],
        [
          0.0,
          -0.0,
          -0.0,
          1.0
        ]
      ]
    },
    {
      "file_path": "images/000058.jpg",
      "transform_matrix": [
        [
          -0.6161297654092249,
          -0.13896966444923445,
          0.7752880397243597,
          3.3339941578074166
        ],
        [
          -0.5309847543854178,
          -0.6537293195358361,
          -0.5391596863541173,
          -0.7634998402748763
        ],
        [
          0.5817553633504642,
          -0.7438584604224648,
          0.32899131914214624,
          2.666164830558137
        ],
        [
          0.0,
          -0.0,
          -0.0,
          1.0
        ]
      ]
    },
    {
      "file_path": "images/000059.jpg",
      "transform_matrix": [
        [
          -0.7108610829657878,
          -0.13381598301303174,
          0.6904851942040203,
          2.991545443726761
        ],
        [
          -0.4718326818582315,
          -0.6373124896633285,
          -0.6092673558049854,
          -1.048896025616208
        ],
        [
          0.5215845483286259,
          -0.7588979333279186,
          0.38990189244916196,
          2.914512921470231
        ],
        [
          0.0,
          -0.0,
          -0.0,
          1.0
        ]
      ]
    },
    {
      "file_path": "images/000060.jpg",
      "transform_matrix": [
        [
          -0.794047949139764,
          -0.12517313997104204,
          0.5948273190571569,
          2.604770938171474
        ],
        [
          -0.4047787875017469,
          -0.6211531105621706,
          -0.6710610601335438,
          -1.3008523227676632
        ],
        [
          0.45347765948892155,
          -0.7736281395274667,
          0.44255792171841174,
          3.1290824904877774
        ],
        [
          0.0,
          -0.0,
          -0.0,
          1.0
        ]
      ]
    },
    {
      "file_path": "images/000061.jpg",
      "transform_matrix": [
        [
          -0.8643954074591509,
          -0.11268797895442759,
          0.4900224474069481,
          2.1788052542211394
        ],
        [
          -0.33127846405183403,
          -0.6055025938918691,
          -0.7236167411314334,
          -1.5139325917455548
        ],
        [
          0.37825277106583943,
          -0.7878248715224627,
          0.48606256077960686,
          3.304424710445764
        ],
        [
          0.0,
          -0.0,
          -0.0,
          1.0
        ]
      ]
    },
    {
      "file_path": "images/000062.jpg",
      "transform_matrix": [
        [
          -0.9204042412889183,
          -0.09673537707242658,
          0.37881169390612274,
          1.7273769236179128
        ],
        [
          -0.25327719277019295,
          -0.5905774286703589,
          -0.7662042576020821,
          -1.687800374366469
        ],
        [
          0.2978366939109771,
          -0.8011620108116476,
          0.5190691054112316,
          3.438181515336755
        ],
        [
          0.0,
          -0.0,
          -0.0,
          1.0
        ]
      ]
    },
    {
      "file_path": "images/000063.jpg",
      "transform_matrix": [
        [
          -0.9616520576214618,
          -0.07679249026680922,
          0.26330255128089824,
          1.257834907527961
        ],
        [
          -0.17277971931575578,
          -0.5759526485848605,
          -0.7990154661714958,
          -1.8215161515773348
        ],
        [
          0.21300818919838901,
          -0.8138682080206266,
          0.5405978646903045,
          3.52524301943061
        ],
        [
          0.0,
          -0.0,
          -0.0,
          1.0
        ]
      ]
    },
    {
      "file_path": "images/000064.jpg",
      "transform_matrix": [
        [
          -0.9883076327899936,
          -0.053150167789497244,
          0.1429093511040722,
          0.7690751277912773
        ],
        [
          -0.08909190956238205,
          -0.5593241497037138,
          -0.8241475154417113,
          -1.9254170428597777
        ],
        [
          0.12373623002001889,
          -0.8272433470401355,
          0.548049076414026,
          3.5571267691711976
        ],
        [
          0.0,
          -0.0,
          -0.0,
          1.0
        ]
      ]
    },
    {
      "file_path": "images/000065.jpg",
      "transform_matrix": [
        [
          -0.9994530641219447,
          -0.024926938196223603,
          0.021730632052870947,
          0.2761257961853024
        ],
        [
          -0.004591047822815978,
          -0.5461709520630229,
          -0.8376611566752155,
          -1.9834285972273615
        ],
        [
          0.03274896787906804,
          -0.8373027761059513,
          0.5457577908084527,
          3.5490887268960223
        ],
        [
          0.0,
          -0.0,
          -0.0,
          1.0
        ]
      ]
    },
    {
      "file_path": "images/000066.jpg",
      "transform_matrix": [
        [
          -0.9949336306086524,
          0.006292825375958809,
          -0.10033678803247166,
          -0.22068928169303578
        ],
        [
          0.08164394163657836,
          -0.5317940698040745,
          -0.8429290208049917,
          -2.00660807021867
